c SAT reduction for arrowing (3,4)^e
c
p cnf 205 1238
1 1 26 0
1 2 27 0
1 3 29 0
1 4 30 0
1 5 31 0
1 8 32 0
1 11 34 0
1 15 37 0
1 16 38 0
1 17 40 0
1 19 43 0
1 20 44 0
1 22 46 0
1 25 48 0
2 3 49 0
2 4 50 0
2 5 51 0
2 6 52 0
2 8 53 0
2 12 56 0
2 13 57 0
2 14 58 0
2 16 60 0
2 18 62 0
2 19 66 0
2 20 67 0
2 24 70 0
3 4 92 0
3 6 93 0
3 7 94 0
3 8 95 0
3 9 97 0
3 11 98 0
3 13 100 0
3 14 101 0
3 22 105 0
3 23 108 0
3 24 109 0
3 25 110 0
4 4 111 0
4 5 112 0
4 9 113 0
4 13 115 0
4 14 116 0
4 18 118 0
4 19 120 0
4 21 121 0
4 23 125 0
4 24 126 0
4 25 127 0
5 5 128 0
5 6 129 0
5 7 130 0
5 8 131 0
5 11 134 0
5 12 135 0
5 13 136 0
5 15 137 0
5 19 141 0
5 20 142 0
5 24 145 0
6 6 146 0
6 7 147 0
6 9 149 0
6 10 150 0
6 11 152 0
6 14 155 0
6 17 157 0
6 19 161 0
6 20 162 0
6 24 166 0
6 25 167 0
7 7 168 0
7 8 169 0
7 10 171 0
7 12 174 0
7 15 176 0
7 19 181 0
7 23 187 0
8 8 188 0
8 11 190 0
8 17 194 0
8 18 196 0
8 19 199 0
8 20 200 0
8 21 202 0
8 23 205 0
26 26 26 0
26 27 27 0
26 28 28 0
26 29 29 0
26 30 30 0
26 31 31 0
26 32 32 0
26 33 33 0
26 34 34 0
26 35 35 0
26 36 36 0
26 37 37 0
26 38 38 0
26 39 39 0
26 40 40 0
26 41 41 0
26 42 42 0
26 43 43 0
26 44 44 0
26 45 45 0
26 46 46 0
26 47 47 0
26 48 48 0
27 29 49 0
27 30 50 0
27 31 51 0
27 32 53 0
27 33 54 0
27 36 59 0
27 38 60 0
27 41 63 0
27 42 64 0
27 43 66 0
27 44 67 0
27 47 69 0
28 29 71 0
28 30 72 0
28 31 73 0
28 32 75 0
28 33 76 0
28 34 79 0
28 39 82 0
28 40 83 0
28 41 85 0
28 42 86 0
28 44 88 0
28 45 89 0
29 30 92 0
29 32 95 0
29 33 96 0
29 34 98 0
29 36 102 0
29 39 103 0
29 46 105 0
29 47 106 0
29 48 110 0
30 30 111 0
30 31 112 0
30 39 117 0
30 43 120 0
30 48 127 0
31 31 128 0
31 32 131 0
31 33 132 0
31 34 134 0
31 37 137 0
31 41 138 0
31 42 139 0
31 43 141 0
31 44 142 0
31 47 144 0
32 32 188 0
32 34 190 0
32 35 191 0
32 36 193 0
32 40 194 0
32 41 197 0
32 43 199 0
32 44 200 0
32 45 201 0
32 47 204 0
49 50 92 0
49 52 93 0
49 53 95 0
49 54 96 0
49 57 100 0
49 58 101 0
49 59 102 0
49 69 106 0
49 70 109 0
50 50 111 0
50 51 112 0
50 55 114 0
50 57 115 0
50 58 116 0
50 62 118 0
50 65 119 0
50 66 120 0
50 68 123 0
50 70 126 0
51 51 128 0
51 52 129 0
51 53 131 0
51 54 132 0
51 55 133 0
51 56 135 0
51 57 136 0
51 63 138 0
51 64 139 0
51 65 140 0
51 66 141 0
51 67 142 0
51 68 143 0
51 69 144 0
51 70 145 0
52 52 146 0
52 54 148 0
52 55 151 0
52 58 155 0
52 59 156 0
52 61 158 0
52 64 159 0
52 65 160 0
52 66 161 0
52 67 162 0
52 68 164 0
52 69 165 0
52 70 166 0
53 53 188 0
53 55 189 0
53 59 193 0
53 61 195 0
53 62 196 0
53 63 197 0
53 65 198 0
53 66 199 0
53 67 200 0
53 68 203 0
53 69 204 0
71 72 92 0
71 74 94 0
71 75 95 0
71 76 96 0
71 77 97 0
71 79 98 0
71 81 100 0
71 82 103 0
72 72 111 0
72 73 112 0
72 77 113 0
72 81 115 0
72 82 117 0
72 87 119 0
72 90 121 0
72 91 123 0
73 73 128 0
73 74 130 0
73 75 131 0
73 76 132 0
73 79 134 0
73 80 135 0
73 81 136 0
73 85 138 0
73 86 139 0
73 87 140 0
73 88 142 0
73 91 143 0
74 74 168 0
74 75 169 0
74 76 170 0
74 78 171 0
74 80 174 0
74 82 177 0
74 85 178 0
74 86 179 0
74 87 180 0
74 89 182 0
74 91 184 0
75 75 188 0
75 79 190 0
75 83 194 0
75 84 195 0
75 85 197 0
75 87 198 0
75 88 200 0
75 89 201 0
75 90 202 0
75 91 203 0
92 92 111 0
92 97 113 0
92 100 115 0
92 101 116 0
92 103 117 0
92 104 122 0
92 107 124 0
92 108 125 0
92 109 126 0
92 110 127 0
93 93 146 0
93 94 147 0
93 96 148 0
93 97 149 0
93 98 152 0
93 99 154 0
93 101 155 0
93 102 156 0
93 106 165 0
93 109 166 0
93 110 167 0
94 94 168 0
94 95 169 0
94 96 170 0
94 102 175 0
94 103 177 0
94 104 183 0
94 106 185 0
94 107 186 0
94 108 187 0
95 95 188 0
95 98 190 0
95 99 192 0
95 102 193 0
95 106 204 0
95 108 205 0
111 111 111 0
111 112 112 0
111 113 113 0
111 114 114 0
111 115 115 0
111 116 116 0
111 117 117 0
111 118 118 0
111 119 119 0
111 120 120 0
111 121 121 0
111 122 122 0
111 123 123 0
111 124 124 0
111 125 125 0
111 126 126 0
111 127 127 0
112 112 128 0
112 114 133 0
112 115 136 0
112 119 140 0
112 120 141 0
112 123 143 0
112 126 145 0
128 128 128 0
128 129 129 0
128 130 130 0
128 131 131 0
128 132 132 0
128 133 133 0
128 134 134 0
128 135 135 0
128 136 136 0
128 137 137 0
128 138 138 0
128 139 139 0
128 140 140 0
128 141 141 0
128 142 142 0
128 143 143 0
128 144 144 0
128 145 145 0
129 129 146 0
129 130 147 0
129 132 148 0
129 133 151 0
129 134 152 0
129 139 159 0
129 140 160 0
129 141 161 0
129 142 162 0
129 143 164 0
129 144 165 0
129 145 166 0
130 130 168 0
130 131 169 0
130 132 170 0
130 133 172 0
130 135 174 0
130 137 176 0
130 138 178 0
130 139 179 0
130 140 180 0
130 141 181 0
130 143 184 0
130 144 185 0
131 131 188 0
131 133 189 0
131 134 190 0
131 138 197 0
131 140 198 0
131 141 199 0
131 142 200 0
131 143 203 0
131 144 204 0
146 146 146 0
146 147 147 0
146 148 148 0
146 149 149 0
146 150 150 0
146 151 151 0
146 152 152 0
146 153 153 0
146 154 154 0
146 155 155 0
146 156 156 0
146 157 157 0
146 158 158 0
146 159 159 0
146 160 160 0
146 161 161 0
146 162 162 0
146 163 163 0
146 164 164 0
146 165 165 0
146 166 166 0
146 167 167 0
147 147 168 0
147 148 170 0
147 150 171 0
147 151 172 0
147 153 173 0
147 156 175 0
147 159 179 0
147 160 180 0
147 161 181 0
147 163 182 0
147 164 184 0
147 165 185 0
168 168 168 0
168 169 169 0
168 170 170 0
168 171 171 0
168 172 172 0
168 173 173 0
168 174 174 0
168 175 175 0
168 176 176 0
168 177 177 0
168 178 178 0
168 179 179 0
168 180 180 0
168 181 181 0
168 182 182 0
168 183 183 0
168 184 184 0
168 185 185 0
168 186 186 0
168 187 187 0
169 169 188 0
169 172 189 0
169 173 191 0
169 175 193 0
169 178 197 0
169 180 198 0
169 181 199 0
169 182 201 0
169 184 203 0
169 185 204 0
169 187 205 0
188 188 188 0
188 189 189 0
188 190 190 0
188 191 191 0
188 192 192 0
188 193 193 0
188 194 194 0
188 195 195 0
188 196 196 0
188 197 197 0
188 198 198 0
188 199 199 0
188 200 200 0
188 201 201 0
188 202 202 0
188 203 203 0
188 204 204 0
188 205 205 0
-1 -1 -1 -26 -26 -26 0
-1 -1 -2 -26 -27 -27 0
-1 -1 -3 -26 -29 -29 0
-1 -1 -4 -26 -30 -30 0
-1 -1 -5 -26 -31 -31 0
-1 -1 -8 -26 -32 -32 0
-1 -1 -11 -26 -34 -34 0
-1 -1 -15 -26 -37 -37 0
-1 -1 -16 -26 -38 -38 0
-1 -1 -17 -26 -40 -40 0
-1 -1 -19 -26 -43 -43 0
-1 -1 -20 -26 -44 -44 0
-1 -1 -22 -26 -46 -46 0
-1 -1 -25 -26 -48 -48 0
-1 -2 -3 -27 -29 -49 0
-1 -2 -4 -27 -30 -50 0
-1 -2 -5 -27 -31 -51 0
-1 -2 -8 -27 -32 -53 0
-1 -2 -16 -27 -38 -60 0
-1 -2 -19 -27 -43 -66 0
-1 -2 -20 -27 -44 -67 0
-1 -3 -4 -29 -30 -92 0
-1 -3 -8 -29 -32 -95 0
-1 -3 -11 -29 -34 -98 0
-1 -3 -22 -29 -46 -105 0
-1 -3 -25 -29 -48 -110 0
-1 -4 -4 -30 -30 -111 0
-1 -4 -5 -30 -31 -112 0
-1 -4 -19 -30 -43 -120 0
-1 -4 -25 -30 -48 -127 0
-1 -5 -5 -31 -31 -128 0
-1 -5 -8 -31 -32 -131 0
-1 -5 -11 -31 -34 -134 0
-1 -5 -15 -31 -37 -137 0
-1 -5 -19 -31 -43 -141 0
-1 -5 -20 -31 -44 -142 0
-1 -8 -8 -32 -32 -188 0
-1 -8 -11 -32 -34 -190 0
-1 -8 -17 -32 -40 -194 0
-1 -8 -19 -32 -43 -199 0
-1 -8 -20 -32 -44 -200 0
-2 -3 -4 -49 -50 -92 0
-2 -3 -6 -49 -52 -93 0
-2 -3 -8 -49 -53 -95 0
-2 -3 -13 -49 -57 -100 0
-2 -3 -14 -49 -58 -101 0
-2 -3 -24 -49 -70 -109 0
-2 -4 -4 -50 -50 -111 0
-2 -4 -5 -50 -51 -112 0
-2 -4 -13 -50 -57 -115 0
-2 -4 -14 -50 -58 -116 0
-2 -4 -18 -50 -62 -118 0
-2 -4 -19 -50 -66 -120 0
-2 -4 -24 -50 -70 -126 0
-2 -5 -5 -51 -51 -128 0
-2 -5 -6 -51 -52 -129 0
-2 -5 -8 -51 -53 -131 0
-2 -5 -12 -51 -56 -135 0
-2 -5 -13 -51 -57 -136 0
-2 -5 -19 -51 -66 -141 0
-2 -5 -20 -51 -67 -142 0
-2 -5 -24 -51 -70 -145 0
-2 -6 -6 -52 -52 -146 0
-2 -6 -14 -52 -58 -155 0
-2 -6 -19 -52 -66 -161 0
-2 -6 -20 -52 -67 -162 0
-2 -6 -24 -52 -70 -166 0
-2 -8 -8 -53 -53 -188 0
-2 -8 -18 -53 -62 -196 0
-2 -8 -19 -53 -66 -199 0
-2 -8 -20 -53 -67 -200 0
-3 -4 -4 -92 -92 -111 0
-3 -4 -9 -92 -97 -113 0
-3 -4 -13 -92 -100 -115 0
-3 -4 -14 -92 -101 -116 0
-3 -4 -23 -92 -108 -125 0
-3 -4 -24 -92 -109 -126 0
-3 -4 -25 -92 -110 -127 0
-3 -6 -6 -93 -93 -146 0
-3 -6 -7 -93 -94 -147 0
-3 -6 -9 -93 -97 -149 0
-3 -6 -11 -93 -98 -152 0
-3 -6 -14 -93 -101 -155 0
-3 -6 -24 -93 -109 -166 0
-3 -6 -25 -93 -110 -167 0
-3 -7 -7 -94 -94 -168 0
-3 -7 -8 -94 -95 -169 0
-3 -7 -23 -94 -108 -187 0
-3 -8 -8 -95 -95 -188 0
-3 -8 -11 -95 -98 -190 0
-3 -8 -23 -95 -108 -205 0
-4 -4 -4 -111 -111 -111 0
-4 -4 -5 -111 -112 -112 0
-4 -4 -9 -111 -113 -113 0
-4 -4 -13 -111 -115 -115 0
-4 -4 -14 -111 -116 -116 0
-4 -4 -18 -111 -118 -118 0
-4 -4 -19 -111 -120 -120 0
-4 -4 -21 -111 -121 -121 0
-4 -4 -23 -111 -125 -125 0
-4 -4 -24 -111 -126 -126 0
-4 -4 -25 -111 -127 -127 0
-4 -5 -5 -112 -112 -128 0
-4 -5 -13 -112 -115 -136 0
-4 -5 -19 -112 -120 -141 0
-4 -5 -24 -112 -126 -145 0
-5 -5 -5 -128 -128 -128 0
-5 -5 -6 -128 -129 -129 0
-5 -5 -7 -128 -130 -130 0
-5 -5 -8 -128 -131 -131 0
-5 -5 -11 -128 -134 -134 0
-5 -5 -12 -128 -135 -135 0
-5 -5 -13 -128 -136 -136 0
-5 -5 -15 -128 -137 -137 0
-5 -5 -19 -128 -141 -141 0
-5 -5 -20 -128 -142 -142 0
-5 -5 -24 -128 -145 -145 0
-5 -6 -6 -129 -129 -146 0
-5 -6 -7 -129 -130 -147 0
-5 -6 -11 -129 -134 -152 0
-5 -6 -19 -129 -141 -161 0
-5 -6 -20 -129 -142 -162 0
-5 -6 -24 -129 -145 -166 0
-5 -7 -7 -130 -130 -168 0
-5 -7 -8 -130 -131 -169 0
-5 -7 -12 -130 -135 -174 0
